Some((
    red: 0.0,
    green: 0.34668708,
    blue: 0.40094644,
    alpha: 1.0,
))