Some((
    red: 0.1254902,
    green: 0.62352943,
    blue: 0.70980394,
))