Some((
    red: 0.45490196,
    green: 0.78039217,
    blue: 0.9254902,
))